--------------------------------------------------------------------------------
CPU name:	Intel(R) Core(TM) i5-7500 CPU @ 3.40GHz
CPU type:	Intel Coffeelake processor
CPU clock:	3.41 GHz
--------------------------------------------------------------------------------
5
 -2.191908974027050e+00  1.130899693750000e+00  0.000000000000000e+00  0.000000000000000e+00  0.000000000000000e+00 -1.738200612500000e+00
  8.691003062500000e-01 -2.191908974027050e+00  1.130899693750000e+00  0.000000000000000e+00  0.000000000000000e+00  0.000000000000000e+00
  0.000000000000000e+00  8.691003062500000e-01 -2.191908974027050e+00  1.130899693750000e+00  0.000000000000000e+00  0.000000000000000e+00
  0.000000000000000e+00  0.000000000000000e+00  8.691003062500000e-01 -2.191908974027050e+00  1.130899693750000e+00  0.000000000000000e+00
  0.000000000000000e+00  0.000000000000000e+00  0.000000000000000e+00  8.691003062500000e-01 -2.191908974027050e+00  2.261799387500000e+00

   8.670021162851623e-01  1.434097810760346e-01 -3.883423041890599e-01 -8.628986168079404e-01 -1.374028244474588e+00
25
  9.654027516562053e-06
  7.25999475e-03
5
 -2.191908974027050e+00  1.130899693750000e+00  0.000000000000000e+00  0.000000000000000e+00  0.000000000000000e+00 -1.500774831387081e+00
  8.691003062500000e-01 -2.191908974027050e+00  1.130899693750000e+00  0.000000000000000e+00  0.000000000000000e+00  1.370778388748535e-01
  0.000000000000000e+00  8.691003062500000e-01 -2.191908974027050e+00  1.130899693750000e+00  0.000000000000000e+00  4.920810086440401e-10
  0.000000000000000e+00  0.000000000000000e+00  8.691003062500000e-01 -2.191908974027050e+00  1.130899693750000e+00 -1.370778380225441e-01
  0.000000000000000e+00  0.000000000000000e+00  0.000000000000000e+00  8.691003062500000e-01 -2.191908974027050e+00  2.024373606879162e+00

   7.069575324298638e-01  4.315653657812323e-02 -3.384462306215884e-01 -6.891446957414636e-01 -1.196814970002608e+00
25
  8.260028095101233e-06
  5.29599190e-03
5
 -2.191908974027050e+00  1.130899693750000e+00  0.000000000000000e+00  0.000000000000000e+00  0.000000000000000e+00  6.510322578547534e-01
  8.691003062500000e-01 -2.191908974027050e+00  1.130899693750000e+00  0.000000000000000e+00  0.000000000000000e+00  3.428616090418152e+00
  0.000000000000000e+00  8.691003062500000e-01 -2.191908974027050e+00  1.130899693750000e+00  0.000000000000000e+00  4.790853015674263e+00
  0.000000000000000e+00  0.000000000000000e+00  8.691003062500000e-01 -2.191908974027050e+00  1.130899693750000e+00  6.892886170575045e+00
  0.000000000000000e+00  0.000000000000000e+00  0.000000000000000e+00  8.691003062500000e-01 -2.191908974027050e+00  1.262095302918273e+01

  -6.205610341440029e+00 -1.145203796618731e+01 -1.439554302991409e+01 -1.486418284148661e+01 -1.165167860139413e+01
31
  7.539956760278667e-06
  6.15300238e-03
5
 -2.191908974027050e+00  1.130899693750000e+00  0.000000000000000e+00  0.000000000000000e+00  0.000000000000000e+00 -1.787869984850140e+00
  8.691003062500000e-01 -2.191908974027050e+00  1.130899693750000e+00  0.000000000000000e+00  0.000000000000000e+00 -4.371124680512635e-01
  0.000000000000000e+00  8.691003062500000e-01 -2.191908974027050e+00  1.130899693750000e+00  0.000000000000000e+00 -8.612854598970945e-01
  0.000000000000000e+00  0.000000000000000e+00  8.691003062500000e-01 -2.191908974027050e+00  1.130899693750000e+00 -1.285458451874778e+00
  0.000000000000000e+00  0.000000000000000e+00  0.000000000000000e+00  8.691003062500000e-01 -2.191908974027050e+00  5.888978395638698e-01

   1.805362176944008e+00  1.918229437486292e+00  1.943970284847935e+00  1.532045034631692e+00  3.387927956967071e-01
26
  7.569239672247922e-06
  4.96299565e-03
5
 -2.191908974027050e+00  1.130899693750000e+00  0.000000000000000e+00  0.000000000000000e+00  0.000000000000000e+00 -1.738200612500000e+00
  8.691003062500000e-01 -2.191908974027050e+00  1.130899693750000e+00  0.000000000000000e+00  0.000000000000000e+00  0.000000000000000e+00
  0.000000000000000e+00  8.691003062500000e-01 -2.191908974027050e+00  1.130899693750000e+00  0.000000000000000e+00  0.000000000000000e+00
  0.000000000000000e+00  0.000000000000000e+00  8.691003062500000e-01 -2.191908974027050e+00  1.130899693750000e+00  0.000000000000000e+00
  0.000000000000000e+00  0.000000000000000e+00  0.000000000000000e+00  8.691003062500000e-01 -2.191908974027050e+00  2.261799387500000e+00

   8.670021162851623e-01  1.434097810760346e-01 -3.883423041890599e-01 -8.628986168079404e-01 -1.374028244474588e+00
25
  9.654027516562053e-06
  4.62000072e-03
5
 -2.191908974027050e+00  1.130899693750000e+00  0.000000000000000e+00  0.000000000000000e+00  0.000000000000000e+00  4.461695561444347e+01
  8.691003062500000e-01 -2.191908974027050e+00  1.130899693750000e+00  0.000000000000000e+00  0.000000000000000e+00  7.842552494211016e+01
  0.000000000000000e+00  8.691003062500000e-01 -2.191908974027050e+00  1.130899693750000e+00  0.000000000000000e+00  1.325584201757480e+02
  0.000000000000000e+00  0.000000000000000e+00  8.691003062500000e-01 -2.191908974027050e+00  1.130899693750000e+00  2.238314495829924e+02
  0.000000000000000e+00  0.000000000000000e+00  0.000000000000000e+00  8.691003062500000e-01 -2.191908974027050e+00  3.799587983064429e+02

  -1.911611788620332e+02 -3.310558445707651e+02 -4.253962747904935e+02 -4.528701895843196e+02 -3.529108315773173e+02
38
  7.444472212599606e-06
  6.83800876e-03
5
 -2.191908974027050e+00  1.130899693750000e+00  0.000000000000000e+00  0.000000000000000e+00  0.000000000000000e+00 -1.952822649466840e+00
  8.691003062500000e-01 -2.191908974027050e+00  1.130899693750000e+00  0.000000000000000e+00  0.000000000000000e+00 -3.438367197077287e-01
  0.000000000000000e+00  8.691003062500000e-01 -2.191908974027050e+00  1.130899693750000e+00  0.000000000000000e+00 -5.125026744150700e-01
  0.000000000000000e+00  0.000000000000000e+00  8.691003062500000e-01 -2.191908974027050e+00  1.130899693750000e+00 -9.487122621658645e-01
  0.000000000000000e+00  0.000000000000000e+00  0.000000000000000e+00  8.691003062500000e-01 -2.191908974027050e+00  1.737459815342621e-01

   1.733354424294315e+00  1.632803714097210e+00  1.528575267028287e+00  1.254688821611628e+00  4.182219555826966e-01
26
  6.526374118817112e-06
  5.05800545e-03
5
 -2.191908974027050e+00  1.130899693750000e+00  0.000000000000000e+00  0.000000000000000e+00  0.000000000000000e+00 -1.663039277169153e+00
  8.691003062500000e-01 -2.191908974027050e+00  1.130899693750000e+00  0.000000000000000e+00  0.000000000000000e+00  3.006453413233889e-01
  0.000000000000000e+00  8.691003062500000e-01 -2.191908974027050e+00  1.130899693750000e+00  0.000000000000000e+00  6.764520179776251e-01
  0.000000000000000e+00  0.000000000000000e+00  8.691003062500000e-01 -2.191908974027050e+00  1.130899693750000e+00  1.202581365293556e+00
  0.000000000000000e+00  0.000000000000000e+00  0.000000000000000e+00  8.691003062500000e-01 -2.191908974027050e+00  4.140832770771181e+00

   2.751465222128832e-02 -1.417221066665180e+00 -2.502159448590041e+00 -3.162392689667981e+00 -3.143045312318414e+00
28
  7.150328033352493e-06
  5.24799526e-03
5
 -2.191908974027050e+00  1.130899693750000e+00  0.000000000000000e+00  0.000000000000000e+00  0.000000000000000e+00 -1.738200612500000e+00
  8.691003062500000e-01 -2.191908974027050e+00  1.130899693750000e+00  0.000000000000000e+00  0.000000000000000e+00  0.000000000000000e+00
  0.000000000000000e+00  8.691003062500000e-01 -2.191908974027050e+00  1.130899693750000e+00  0.000000000000000e+00  0.000000000000000e+00
  0.000000000000000e+00  0.000000000000000e+00  8.691003062500000e-01 -2.191908974027050e+00  1.130899693750000e+00  0.000000000000000e+00
  0.000000000000000e+00  0.000000000000000e+00  0.000000000000000e+00  8.691003062500000e-01 -2.191908974027050e+00  2.261799387500000e+00

   8.670021162851623e-01  1.434097810760346e-01 -3.883423041890599e-01 -8.628986168079404e-01 -1.374028244474588e+00
25
  9.654027516562053e-06
  4.61401045e-03
5
 -2.191908974027050e+00  1.130899693750000e+00  0.000000000000000e+00  0.000000000000000e+00  0.000000000000000e+00  2.214792507552341e+01
  8.691003062500000e-01 -2.191908974027050e+00  1.130899693750000e+00  0.000000000000000e+00  0.000000000000000e+00  1.399487904094841e+01
  0.000000000000000e+00  8.691003062500000e-01 -2.191908974027050e+00  1.130899693750000e+00  0.000000000000000e+00  4.306427794026886e-01
  0.000000000000000e+00  0.000000000000000e+00  8.691003062500000e-01 -2.191908974027050e+00  1.130899693750000e+00 -1.313359349532829e+01
  0.000000000000000e+00  0.000000000000000e+00  0.000000000000000e+00  8.691003062500000e-01 -2.191908974027050e+00 -2.076304079092613e+01

  -1.568655931184355e+01 -1.081933302487460e+01  3.460150444503860e+00  1.540195432333887e+01  1.557951740461601e+01
31
  6.382702105002380e-06
  5.58300316e-03
5
 -2.191908974027050e+00  1.130899693750000e+00  0.000000000000000e+00  0.000000000000000e+00  0.000000000000000e+00 -1.357227254655552e+00
  8.691003062500000e-01 -2.191908974027050e+00  1.130899693750000e+00  0.000000000000000e+00  0.000000000000000e+00  4.241729923379119e-01
  0.000000000000000e+00  8.691003062500000e-01 -2.191908974027050e+00  1.130899693750000e+00  0.000000000000000e+00  4.306427306866687e-01
  0.000000000000000e+00  0.000000000000000e+00  8.691003062500000e-01 -2.191908974027050e+00  1.130899693750000e+00  4.371124689035729e-01
  0.000000000000000e+00  0.000000000000000e+00  0.000000000000000e+00  8.691003062500000e-01 -2.191908974027050e+00  2.742111490536808e+00

   1.577473113621674e-01 -8.943893096019893e-01 -1.479661939239087e+00 -1.799743992383370e+00 -1.964620609941282e+00
27
  6.989432336809645e-06
  5.07798791e-03
5
 -2.191908974027050e+00  1.130899693750000e+00  0.000000000000000e+00  0.000000000000000e+00  0.000000000000000e+00 -1.594653035768471e+00
  8.691003062500000e-01 -2.191908974027050e+00  1.130899693750000e+00  0.000000000000000e+00  0.000000000000000e+00  2.870951534630585e-01
  0.000000000000000e+00  8.691003062500000e-01 -2.191908974027050e+00  1.130899693750000e+00  0.000000000000000e+00  4.306427301945877e-01
  0.000000000000000e+00  0.000000000000000e+00  8.691003062500000e-01 -2.191908974027050e+00  1.130899693750000e+00  5.741903069261169e-01
  0.000000000000000e+00  0.000000000000000e+00  0.000000000000000e+00  8.691003062500000e-01 -2.191908974027050e+00  2.979537271157646e+00

   3.177911479694762e-01 -7.941369539641508e-01 -1.529558717679408e+00 -1.973498332677025e+00 -2.141834050638444e+00
27
  7.514485190136395e-06
  4.97800112e-03
5
 -2.191908974027050e+00  1.130899693750000e+00  0.000000000000000e+00  0.000000000000000e+00  0.000000000000000e+00  6.504897381866360e+00
  8.691003062500000e-01 -2.191908974027050e+00  1.130899693750000e+00  0.000000000000000e+00  0.000000000000000e+00  3.129171687392497e+01
  0.000000000000000e+00  8.691003062500000e-01 -2.191908974027050e+00  1.130899693750000e+00  0.000000000000000e+00  6.971679891351653e+01
  0.000000000000000e+00  0.000000000000000e+00  8.691003062500000e-01 -2.191908974027050e+00  1.130899693750000e+00  1.237551826208397e+02
  0.000000000000000e+00  0.000000000000000e+00  0.000000000000000e+00  8.691003062500000e-01 -2.191908974027050e+00  1.960684725247330e+02

  -8.608471686125020e+01 -1.610973737292346e+02 -2.184126616233156e+02 -2.378761803041906e+02 -1.837698273284748e+02
37
  6.292236169626296e-06
  7.02500343e-03
5
 -2.191908974027050e+00  1.130899693750000e+00  0.000000000000000e+00  0.000000000000000e+00  0.000000000000000e+00 -9.815304161906501e-01
  8.691003062500000e-01 -2.191908974027050e+00  1.130899693750000e+00  0.000000000000000e+00  0.000000000000000e+00  1.669634632117704e+00
  0.000000000000000e+00  8.691003062500000e-01 -2.191908974027050e+00  1.130899693750000e+00  0.000000000000000e+00  3.102366447727541e+00
  0.000000000000000e+00  0.000000000000000e+00  8.691003062500000e-01 -2.191908974027050e+00  1.130899693750000e+00  5.205641719690216e+00
  0.000000000000000e+00  0.000000000000000e+00  0.000000000000000e+00  8.691003062500000e-01 -2.191908974027050e+00  1.049578369305673e+01

  -3.273065035982772e+00 -7.211778128873486e+00 -9.986128802646661e+00 -1.106956126108617e+01 -9.177544785612799e+00
30
  9.114292907180310e-06
  5.49200177e-03
5
 -2.191908974027050e+00  1.130899693750000e+00  0.000000000000000e+00  0.000000000000000e+00  0.000000000000000e+00 -1.738200612500000e+00
  8.691003062500000e-01 -2.191908974027050e+00  1.130899693750000e+00  0.000000000000000e+00  0.000000000000000e+00  0.000000000000000e+00
  0.000000000000000e+00  8.691003062500000e-01 -2.191908974027050e+00  1.130899693750000e+00  0.000000000000000e+00  0.000000000000000e+00
  0.000000000000000e+00  0.000000000000000e+00  8.691003062500000e-01 -2.191908974027050e+00  1.130899693750000e+00  0.000000000000000e+00
  0.000000000000000e+00  0.000000000000000e+00  0.000000000000000e+00  8.691003062500000e-01 -2.191908974027050e+00  2.261799387500000e+00

   8.670021162851623e-01  1.434097810760346e-01 -3.883423041890599e-01 -8.628986168079404e-01 -1.374028244474588e+00
25
  9.654027516562053e-06
  4.62800264e-03
5
 -2.191908974027050e+00  1.130899693750000e+00  0.000000000000000e+00  0.000000000000000e+00  0.000000000000000e+00  1.187743093444332e+01
  8.691003062500000e-01 -2.191908974027050e+00  1.130899693750000e+00  0.000000000000000e+00  0.000000000000000e+00  2.725467843671920e+01
  0.000000000000000e+00  8.691003062500000e-01 -2.191908974027050e+00  1.130899693750000e+00  0.000000000000000e+00  4.042663365668984e+01
  0.000000000000000e+00  0.000000000000000e+00  8.691003062500000e-01 -2.191908974027050e+00  1.130899693750000e+00  5.285879264649804e+01
  0.000000000000000e+00  0.000000000000000e+00  0.000000000000000e+00  8.691003062500000e-01 -2.191908974027050e+00  6.633275467131500e+01

  -5.035583671451395e+01 -8.709701246187439e+01 -1.060127405790822e+02 -1.027921456707096e+02 -7.102002948043142e+01
35
  7.230966238650864e-06
  4.87600267e-03
5
 -2.191908974027050e+00  1.130899693750000e+00  0.000000000000000e+00  0.000000000000000e+00  0.000000000000000e+00  6.469782792669680e-01
  8.691003062500000e-01 -2.191908974027050e+00  1.130899693750000e+00  0.000000000000000e+00  0.000000000000000e+00  3.419262890129998e+00
  0.000000000000000e+00  8.691003062500000e-01 -2.191908974027050e+00  1.130899693750000e+00  0.000000000000000e+00  4.306427303914201e+00
  0.000000000000000e+00  0.000000000000000e+00  8.691003062500000e-01 -2.191908974027050e+00  1.130899693750000e+00  5.193591717170992e+00
  0.000000000000000e+00  0.000000000000000e+00  0.000000000000000e+00  8.691003062500000e-01 -2.191908974027050e+00  8.489475101593110e+00

  -5.265262995513392e+00 -9.633043299439951e+00 -1.160090053704699e+01 -1.127386723988412e+01 -8.343228112616211e+00
30
  9.320038460580456e-06
  4.17600572e-03
5
 -2.191908974027050e+00  1.130899693750000e+00  0.000000000000000e+00  0.000000000000000e+00  0.000000000000000e+00  4.454179427911262e+01
  8.691003062500000e-01 -2.191908974027050e+00  1.130899693750000e+00  0.000000000000000e+00  0.000000000000000e+00  7.812487960078677e+01
  0.000000000000000e+00  8.691003062500000e-01 -2.191908974027050e+00  1.130899693750000e+00  0.000000000000000e+00  1.318819681577703e+02
  0.000000000000000e+00  0.000000000000000e+00  8.691003062500000e-01 -2.191908974027050e+00  1.130899693750000e+00  2.226288682176988e+02
  0.000000000000000e+00  0.000000000000000e+00  0.000000000000000e+00  8.691003062500000e-01 -2.191908974027050e+00  3.780797649231718e+02

  -1.903216935830827e+02 -3.294952163222414e+02 -4.232824597072919e+02 -4.505706967373697e+02 -3.511418149955516e+02
38
  7.407185608451476e-06
  5.34699857e-03
5
 -2.191908974027050e+00  1.130899693750000e+00  0.000000000000000e+00  0.000000000000000e+00  0.000000000000000e+00 -1.204341806976022e+00
  8.691003062500000e-01 -2.191908974027050e+00  1.130899693750000e+00  0.000000000000000e+00  0.000000000000000e+00 -1.444395361272982e-01
  0.000000000000000e+00  8.691003062500000e-01 -2.191908974027050e+00  1.130899693750000e+00  0.000000000000000e+00 -1.135464457304818e+00
  0.000000000000000e+00  0.000000000000000e+00  8.691003062500000e-01 -2.191908974027050e+00  1.130899693750000e+00 -2.506859939365822e+00
  0.000000000000000e+00  0.000000000000000e+00  0.000000000000000e+00  8.691003062500000e-01 -2.191908974027050e+00 -2.237383544669464e+00

   1.934587884187779e+00  2.684680619661431e+00  3.588991728117912e+00  3.888960893968334e+00  2.562734454383549e+00
28
  7.901524247636024e-06
  3.86600196e-03
5
 -2.191908974027050e+00  1.130899693750000e+00  0.000000000000000e+00  0.000000000000000e+00  0.000000000000000e+00 -1.061748594522375e+00
  8.691003062500000e-01 -2.191908974027050e+00  1.130899693750000e+00  0.000000000000000e+00  0.000000000000000e+00  2.705808071910500e+00
  0.000000000000000e+00  8.691003062500000e-01 -2.191908974027050e+00  1.130899693750000e+00  0.000000000000000e+00  6.088068161798625e+00
  0.000000000000000e+00  0.000000000000000e+00  8.691003062500000e-01 -2.191908974027050e+00  1.130899693750000e+00  1.082323228764200e+01
  0.000000000000000e+00  0.000000000000000e+00  0.000000000000000e+00  8.691003062500000e-01 -2.191908974027050e+00  1.917309983694062e+01

  -6.688368311892833e+00 -1.390224792618431e+01 -1.941268080517363e+01 -2.155833587622573e+01 -1.729517812939112e+01
32
  6.596812645571837e-06
  4.61500883e-03
5
 -2.191908974027050e+00  1.130899693750000e+00  0.000000000000000e+00  0.000000000000000e+00  0.000000000000000e+00  2.214792507552341e+01
  8.691003062500000e-01 -2.191908974027050e+00  1.130899693750000e+00  0.000000000000000e+00  0.000000000000000e+00  1.399487904094841e+01
  0.000000000000000e+00  8.691003062500000e-01 -2.191908974027050e+00  1.130899693750000e+00  0.000000000000000e+00  4.306427794026886e-01
  0.000000000000000e+00  0.000000000000000e+00  8.691003062500000e-01 -2.191908974027050e+00  1.130899693750000e+00 -1.313359349532829e+01
  0.000000000000000e+00  0.000000000000000e+00  0.000000000000000e+00  8.691003062500000e-01 -2.191908974027050e+00 -2.076304079092613e+01

  -1.568655931184355e+01 -1.081933302487460e+01  3.460150444503860e+00  1.540195432333887e+01  1.557951740461601e+01
31
  6.382702105002380e-06
  4.45500016e-03
5
 -2.191908974027050e+00  1.130899693750000e+00  0.000000000000000e+00  0.000000000000000e+00  0.000000000000000e+00 -9.627037082330355e-01
  8.691003062500000e-01 -2.191908974027050e+00  1.130899693750000e+00  0.000000000000000e+00  0.000000000000000e+00  1.025769032493655e+00
  0.000000000000000e+00  8.691003062500000e-01 -2.191908974027050e+00  1.130899693750000e+00  0.000000000000000e+00  1.352904039092626e+00
  0.000000000000000e+00  0.000000000000000e+00  8.691003062500000e-01 -2.191908974027050e+00  1.130899693750000e+00  1.830361716089586e+00
  0.000000000000000e+00  0.000000000000000e+00  0.000000000000000e+00  8.691003062500000e-01 -2.191908974027050e+00  4.793401243080902e+00

  -1.155268543418192e+00 -3.090417119344510e+00 -4.194981567771636e+00 -4.559408255169251e+00 -3.994684294704301e+00
29
  6.287331535671252e-06
  4.08700109e-03
5
 -2.191908974027050e+00  1.130899693750000e+00  0.000000000000000e+00  0.000000000000000e+00  0.000000000000000e+00 -1.405945491071376e+00
  8.691003062500000e-01 -2.191908974027050e+00  1.130899693750000e+00  0.000000000000000e+00  0.000000000000000e+00  1.735333128502907e+00
  0.000000000000000e+00  8.691003062500000e-01 -2.191908974027050e+00  1.130899693750000e+00  0.000000000000000e+00  4.058712107619710e+00
  0.000000000000000e+00  0.000000000000000e+00  8.691003062500000e-01 -2.191908974027050e+00  1.130899693750000e+00  7.284027110772606e+00
  0.000000000000000e+00  0.000000000000000e+00  0.000000000000000e+00  8.691003062500000e-01 -2.191908974027050e+00  1.365471257743750e+01

  -4.089890016992773e+00 -9.170236360761400e+00 -1.309618343565207e+01 -1.474673420271086e+01 -1.207673498437631e+01
31
  7.375128213740429e-06
  4.30299342e-03
--------------------------------------------------------------------------------
Region GS3D, Group 1: FLOPS_DP
+-------------------+----------+
|    Region Info    |  Core 3  |
+-------------------+----------+
| RDTSC Runtime [s] | 0.000131 |
|     call count    |       23 |
+-------------------+----------+

+------------------------------------------+---------+--------+
|                   Event                  | Counter | Core 3 |
+------------------------------------------+---------+--------+
|             INSTR_RETIRED_ANY            |  FIXC0  | 483538 |
|           CPU_CLK_UNHALTED_CORE          |  FIXC1  | 378644 |
|           CPU_CLK_UNHALTED_REF           |  FIXC2  | 925272 |
| FP_ARITH_INST_RETIRED_128B_PACKED_DOUBLE |   PMC0  |      0 |
|    FP_ARITH_INST_RETIRED_SCALAR_DOUBLE   |   PMC1  |  40682 |
| FP_ARITH_INST_RETIRED_256B_PACKED_DOUBLE |   PMC2  |      0 |
+------------------------------------------+---------+--------+

+----------------------+-----------+
|        Metric        |   Core 3  |
+----------------------+-----------+
|  Runtime (RDTSC) [s] |    0.0001 |
| Runtime unhalted [s] |    0.0001 |
|      Clock [MHz]     | 1394.5955 |
|          CPI         |    0.7831 |
|      DP MFLOP/s      |  311.5041 |
|    AVX DP MFLOP/s    |         0 |
|    Packed MUOPS/s    |         0 |
|    Scalar MUOPS/s    |  311.5041 |
|  Vectorization ratio |         0 |
+----------------------+-----------+

